218 INDEX GRAEOITATIS.

11119, 69, 19, 99, 6, 199, 99, 19116, 19611, 169,19,196,19,
204, 23, 208, 10, 212, 10, 216, 2, 226, 20, 244, 3. 12, 246 ,253
252,’ 16, 258’, 19, 260, 18, 262, 18, 268, 9, 602, 14, 308,’ 113
340, 5,’350, 12, 882, 83 418, 14, 4,34,6, 611111 ’8111110966 268116,
(444’3443 946’,9, ’11,.66

ὁσάκις, 11991169, ’324, 11.

699, (319936966991, 92, 6. 23, 324,1, 1969099 669, 42, 6,
41, 11, 99, 16, 166, 1, 999, 1, 469, 6, 166, 19, 196, 9, 46611,
410, 23, 412, 10, 4·18, 9. 6999 δήποτε, quantilibet, 90, 14, 92, 6.
22, 94 15, ’116’, 143 196, 10· 202,2, 2048, 214,1, 220,143
242, 163 244, 24, 282, ο, 462, 3.

99991141, 18’, 84¹4„ 964,’11,’919, 16, 999, 9, 966, 6, 166 4

- 1.6ει“ξαι.

ὅστις, 22, 24, 164, 5, 238, 13, 418, 23.

6199, 61119169 (cuin 9911191191), 214, 21, 288,1, 301, 6, 310, 8,

ὅτι, 4’43083444'” οτι, 460, 9, φανερὸν.. .6τι, 18, 14, δεικτέον
ὅτι, 462, 83 464, ’11, 466, ’1· ,δειχθήσεται 644, 412, 6, ’λέγω ὅτι,
460, 14, ”466, 23· 468, 14· 4384 44.. ¹644, 316, 6, 3205, 358,.5

06, 064, ,1999119 11620419, 218,1, 666. 11611.,,’64191’, 218, 20,
246, 8.- οὐκέτι, 392, 18,

96611161ε,99999991,18,’.14

969 6116166116, passim 1162811, 4,12,8,18,14,8,18,14 -
peculiariter 19 positionibus 91191919’191119’16116169 11111, 91
62,11, 100, 6, 104, 23, ete.

οὗτος, ,11199119 ’962 19, 4,12, etc.

064443, 916, 48, 16, 102, 9, 288, 1, 860, 20, 414, 22.- οὕτως
γάρ, 18, ’6, 28, 183 96199 γάρ, ’,94 11, ’,’100 13.

ὀφείλειν, 665616, ’6941199 198, 11· ὀφείλει, 314 8, ·368, 18, 688, 18,

396, 11,ὀφει1.ομεν,868, 1,’όφε’ίλονσι, 340,1’6, 388,10, 41823.

παις, puer, 86419.

πάλιν, ,9969119 111 14, 18, 42,4 4,,-916 -πάλι, (19 epigr.) 384, 18.

1199961919 99191 casu, 386, 8’, 444, 23.

παρά, 6919369996114611911619 19111696,88,13,62,13,64,12,
66, 12, 66, 14, 108, 9, 110, 11,212’, 11,-69190116. παρὰ
1169169410, 2’.1-6991 96661119199619 notat, 11166 μερίζειν

. 96 παραβαλλειν absol. · 60, 203120, 63202, 6, 204, 11, 208,8,

212, 8, 222, 13, ·,224 21, ·414 -6111691691139919, 118'„8 122, ’10, .

132, 25, 180, 12, 182, ’,1 242,10,218,11,282,16,’316,14,

4488666644436 119991 ’9,) 91116616,·1ιαράβαιε,949, 13444434811411,

268, 2· ,6999691199μέεῆ 368 12, 312, 3, 418, 1, ’426, 5· ,·παρα

6190946 (εἰς), 3406099991), 640, 12, 8'88, 2, «019966, 688, 26.

παὲιοιέοᾷψ 36181ιὲ9, 236, 4. 8,- quotiens, 208, 12, 302, 21.’ 23,
1 ι 1 ·

 

